3 12

1211100021221001111002011101012122011011021220110200212100222002120210220200212012002222000111001122120100221001011000100111121200101201


% 7

2545053402551135642610564501213142033601610230011464125136150440011151130615625143466016313623161204636130163114250224011115133366464151102626554

420400104123520400145333106301106160334343112101602162166513012400224122220524346612304004045125642035243215421363000601211155451453131200604015064005053225223344046


/ 3

111220002120110122010200211201110222210110210020012020100001020221211101022222201010201111010200022100100200020010012000201220000101221122221121022110110021120201101021101210202210201110200220212220011012201220100120110

211102200212120001102010020021001021012212102211102012000012212112111211221111102000111210011012220001022002021010211001222011101111202022001201120210021011021222000122001111010020202020001000122222001021120020010112021212200111020010211201120221100100221000022001200011110222012000


^ 7

1141223302

4


^ 10

9013561

30

